0.0000000 0.0000000 22.0000000 8.4852814 8.4852814 2.7390647
0.0000000 0.9988575 21.0038074 8.3532804 8.6237446 3.2405336
0.0159037 1.9971319 20.0149680 8.1832344 8.8197363 3.5987880
0.0506017 2.9945566 19.0349618 7.9817575 9.0761838 3.8081260
0.1061482 3.9908013 18.0638941 7.7555752 9.3943463 3.8656538
0.1837312 4.9855052 17.1004607 7.5110167 9.7729555 3.7710591
0.2836590 5.9783238 16.1421247 37.7086687 10.2072008 17.8125364
0.3997475 6.9232822 15.4643865 34.9589088 12.0285650 18.8896369
0.6102694 7.8457078 14.9745017 32.6847897 15.1069420 17.9451178
0.9208058 8.7449507 14.6189293 30.9560334 14.1105611 18.8128016
1.3200403 9.6032166 14.4802900 29.5429848 12.7698221 19.5824209
1.8069361 10.4098135 14.6152717 28.4342892 11.6893543 19.9682490
2.3795094 11.1551577 15.0933612 27.6241468 10.8462779 20.0928078
3.0326879 11.8299442 16.0374236 18.6090157 10.2195878 15.3949479
3.7781580 12.4413356 16.9709901 13.1246036 9.7284507 10.1999500
4.5913955 12.9956696 29.6102291 12.2931761 9.2842095 4.4436378
5.4469183 13.5076049 28.1870325 13.0563207 8.8165136 5.9316657
6.3133316 13.9961214 26.6898367 13.2465125 8.3949903 6.8567294
7.1944631 14.4536735 25.1962670 13.1231187 8.0224531 7.3528260
8.0921360 14.8753427 23.7501859 12.8570834 7.6996956 7.5285170
9.0066136 15.2581802 22.3711312 12.5420276 7.4259486 7.4620222
9.9370805 15.6007665 21.0636188 12.2246551 7.1992649 7.2090010
10.8820426 15.9029239 19.8237262 11.9266977 7.0167570 6.8095486
11.8396373 16.1655142 18.6432915 11.6574648 6.8746919 6.2931551
12.8078638 16.3902848 17.5124655 11.4204708 6.7684874 5.6821997
13.7847486 16.5797395 16.4212188 11.2168352 6.6926676 4.9944804
14.7684565 16.7370267 15.3602126 11.0470113 24.9758596 -13.8081756
15.7314221 16.8624581 14.5865039 12.5947380 26.1872641 -14.7492017
16.6773938 17.0632617 13.9204335 14.9727167 28.2412878 -16.0486771
17.5971487 17.3418729 13.3901592 13.4600519 31.9264725 -21.2486720
18.4604438 17.6931219 13.2038424 11.9998889 33.5956550 -23.8276570
19.2599065 18.1377048 13.4159423 10.8505515 32.1899875 -23.5867495
19.9935721 18.6869089 14.0251287 10.0068360 31.3143683 -23.4614818
20.6480528 19.3296729 15.2271135 9.4243928 21.3977667 -13.9620334
21.2440720 20.0955356 15.9574733 8.9424188 15.9679967 -8.5370653
21.7866963 20.9222893 16.2105833 8.4857571 15.0646470 -7.9977611
22.2884313 21.7760478 16.5437009 8.0733043 14.4888401 -7.7161712
22.7503438 22.6527516 17.0151565 7.7042882 14.0362044 -7.4860608
23.1727828 23.5497305 17.6697262 7.3775509 13.6491737 -7.2620715
23.5560627 24.4646717 18.5611980 7.0920541 13.3035490 -7.0406859
23.9006173 25.3954014 19.7668746 6.8471528 12.9851401 -6.8412504
24.2069862 26.3398318 21.4116892 6.6430174 12.6822084 -6.7108382
24.4756863 27.2959408 23.3457629 6.4815078 12.3812901 -6.6858347
24.7069511 28.2618402 22.1633208 6.3665857 12.0692639 -6.1661955
24.9007546 29.2369826 21.0329245 6.2879912 11.7938293 -5.6884055
25.0596571 30.2192889 19.9421531 6.2443097 11.5431282 -5.2486347
25.1861108 31.2070344 18.8814178 6.2343293 11.3090481 -4.8466987
25.2824465 32.1987909 17.8432577 6.2570659 11.0856638 -4.4845028
25.3508481 33.1933800 16.8218811 6.3118211 10.8683759 -4.1650808
25.3933222 34.1898341 15.8128388 6.3982696 10.6534102 -3.8919589
25.4116657 35.1873593 14.8127738 6.5165737 10.4375165 -3.6687138
25.4074344 36.1853011 13.8192167 6.6675237 10.2177860 -3.4986603
