22.0000000 8.4852814 8.4852814 0.3885724
21.0000767 8.4661644 8.5045285 -0.0294227
20.0000693 8.4644171 8.5062702 -0.4180572
19.0000556 8.4820369 8.4885246 -0.7671323
18.0003520 25.3345935 8.4504370 21.0039254
17.1799935 7.6580859 9.6559165 -3.2604601
16.1491631 38.7310513 9.6121494 16.3961499
15.3976535 35.9807422 11.0693224 19.0082106
14.8504197 33.5003322 13.6591879 19.4119544
14.4913546 31.5330030 14.2848036 19.4455027
14.3279928 30.0023236 12.8719168 20.5430900
14.4621905 28.8056203 11.7398129 21.1003429
14.9707076 27.9491438 10.8679980 21.4020266
16.0041234 19.0382479 10.2349268 13.3948922
16.6373044 14.1542502 9.7135062 6.2611182
30.6954985 14.4745045 9.1975172 8.1553600
28.8509908 13.9747859 8.7434367 8.1800219
27.1390284 13.5149726 8.3399394 7.9389015
25.5605331 13.1338107 7.9827357 7.5554223
24.1007059 12.8257906 7.6673928 7.1013137
22.7405258 12.5765008 7.3898338 6.6158245
21.4616180 12.3724922 7.1464229 6.1197914
20.2479031 12.2032966 6.9338974 5.6241228
19.0858964 12.0612815 6.7492640 5.1345254
17.9645141 11.9410565 6.5897012 4.6540496
16.8747424 11.8389079 6.4524817 4.1844372
15.8093048 11.7523571 26.7497583 -17.3653488
15.1781181 14.0315471 29.3472566 -17.5761054
14.6967687 15.0602474 33.5275870 -19.0403958
14.4336464 13.5117011 34.0656941 -20.3676383
14.4498897 12.2563345 32.6123084 -20.8801141
14.7931415 11.2763969 31.5588677 -21.1168859
15.5724172 10.5428378 30.8848639 -21.1359191
16.9858866 10.0354377 12.9251762 -2.7369211
16.3518292 9.4712950 15.0579731 -6.0249626
16.1835108 8.9574402 15.2936778 -7.0306641
16.2345903 8.4904359 15.0148938 -7.3025809
16.4448401 8.0679491 14.6383149 -7.3504486
16.8186343 7.6887629 14.2549704 -7.2774120
17.3783816 7.3515713 13.8909242 -7.1003062
18.1540463 7.0545490 13.5569642 -6.8108822
19.1768998 6.7950041 13.2602190 -6.3912486
20.4690890 6.5690024 13.0075521 -5.8243806
22.0249467 6.3710830 12.8062812 -5.1114189
20.8897225 6.1944030 12.6630373 -5.7520344
19.7568146 6.0667185 12.4231438 -6.2318879
18.6461775 5.9926896 12.1173696 -6.5548228
17.5628062 5.9768577 11.7704010 -6.7324398
16.5082420 6.0237157 11.4002177 -6.7757493
15.4813137 6.1375780 11.0192042 -6.6943036
14.4788649 6.3223046 10.6354978 -6.4961822
13.4964010 6.5808403 10.2542078 -6.1886236
